#Kinovea Trajectory data export
#T X Y

# Trajectory 1
2 -9.00 -73.00 
3 -9.00 -72.00 
4 -8.02 -71.07 
5 -8.02 -72.07 
6 -8.01 -72.08 
7 -8.01 -72.08 
8 -8.00 -72.09 
9 -8.00 -72.10 
10 -8.00 -72.11 
11 -8.01 -72.11 
12 -7.99 -72.11 
13 -8.99 -72.11 
14 -8.99 -72.12 
15 -8.98 -72.13 
16 -8.98 -72.14 
17 -8.97 -72.14 
18 -8.96 -72.14 
19 -8.93 -72.15 
20 -8.91 -72.16 
21 -8.90 -72.16 
22 -8.91 -72.17 
23 -8.90 -72.17 
24 -8.89 -72.17 
25 -8.87 -72.17 
26 -7.85 -72.16 
27 8.15 -67.17 
28 23.16 -61.17 
29 39.16 -57.16 
30 55.16 -53.16 
31 71.16 -48.16 
32 89.16 -41.16 
33 106.16 -35.17 
34 124.16 -29.17 
35 141.17 -23.17 
36 159.17 -17.17 
37 179.17 -12.18 
38 197.17 -7.18 
39 215.16 -3.17 
40 233.16 1.84 
