#Kinovea Trajectory data export
#T X Y

# Trajectory 1
2 17.00 -60.00 
3 17.00 -60.01 
4 17.01 -60.97 
5 17.00 -60.98 
6 16.99 -60.98 
7 18.00 -61.95 
8 18.00 -61.92 
9 17.01 -60.92 
10 17.01 -60.93 
11 17.02 -61.89 
12 17.02 -61.86 
13 17.01 -60.87 
14 17.01 -60.88 
15 17.02 -61.85 
16 17.03 -61.82 
17 17.03 -60.82 
18 17.02 -60.83 
19 17.03 -61.80 
20 17.03 -61.77 
21 17.03 -60.78 
22 17.03 -60.78 
23 17.04 -61.75 
24 17.05 -61.72 
25 17.04 -60.73 
26 17.04 -60.73 
27 23.04 -58.73 
28 39.04 -51.74 
29 54.04 -46.72 
30 69.04 -40.71 
31 83.05 -32.71 
32 98.04 -24.71 
33 113.04 -17.72 
34 128.04 -11.71 
35 142.04 -4.71 
36 157.04 1.29 
37 172.04 7.30 
38 186.05 13.31 
39 201.04 19.31 
40 215.04 26.30 
